maximum return you can choose is 0.141
The minimum return available 0.0045
{'rates_1': {'weights': [array([6.99350599e-24, 6.99562379e-24, 6.99604735e-24, 6.99541201e-24,
       6.99456490e-24, 1.00000000e+00]), array([ 1.86633742e-22,  1.56356606e-02,  3.66329355e-03, -9.63829827e-22,
        1.33144841e-03,  9.79369597e-01]), array([ 2.36260783e-22,  3.12713213e-02,  7.32658710e-03, -9.76786940e-22,
        2.66289682e-03,  9.58739195e-01]), array([ 2.85733140e-22,  4.69069819e-02,  1.09898807e-02, -9.89996501e-22,
        3.99434523e-03,  9.38108792e-01]), array([ 3.34791407e-22,  6.25426425e-02,  1.46531742e-02, -1.00310356e-21,
        5.32579364e-03,  9.17478390e-01]), array([ 3.84784132e-22,  7.81783031e-02,  1.83164678e-02, -1.01579107e-21,
        6.65724205e-03,  8.96847987e-01]), array([ 4.34469366e-22,  9.38139638e-02,  2.19797613e-02, -1.02907412e-21,
        7.98869045e-03,  8.76217584e-01]), array([ 4.83712539e-22,  1.09449624e-01,  2.56430549e-02, -1.04223407e-21,
        9.32013886e-03,  8.55587182e-01]), array([ 5.33564644e-22,  1.25085285e-01,  2.93063484e-02, -1.05645553e-21,
        1.06515873e-02,  8.34956779e-01]), array([ 5.82820217e-22,  1.40720946e-01,  3.29696420e-02, -1.06801363e-21,
        1.19830357e-02,  8.14326377e-01]), array([ 6.32418910e-22,  1.56356606e-01,  3.66329355e-02, -1.08099372e-21,
        1.33144841e-02,  7.93695974e-01]), array([ 6.81502032e-22,  1.71992267e-01,  4.02962291e-02, -1.09410750e-21,
        1.46459325e-02,  7.73065572e-01]), array([ 7.31586952e-22,  1.87627928e-01,  4.39595226e-02, -1.10821867e-21,
        1.59773809e-02,  7.52435169e-01]), array([ 7.81403523e-22,  2.03263588e-01,  4.76228162e-02, -1.12043035e-21,
        1.73088293e-02,  7.31804766e-01]), array([ 8.29569985e-22,  2.18899249e-01,  5.12861097e-02, -1.13270831e-21,
        1.86402777e-02,  7.11174364e-01]), array([ 8.78959162e-22,  2.34534909e-01,  5.49494033e-02, -1.14562848e-21,
        1.99717261e-02,  6.90543961e-01]), array([ 9.28062266e-22,  2.50170570e-01,  5.86126968e-02, -1.15816462e-21,
        2.13031745e-02,  6.69913559e-01]), array([ 9.77564788e-22,  2.65806231e-01,  6.22759904e-02, -1.17301017e-21,
        2.26346230e-02,  6.49283156e-01]), array([ 1.02687651e-21,  2.81441891e-01,  6.59392839e-02, -1.18515711e-21,
        2.39660714e-02,  6.28652753e-01]), array([ 1.07755552e-21,  2.97077552e-01,  6.96025775e-02, -1.19848557e-21,
        2.52975198e-02,  6.08022351e-01]), array([ 1.12781925e-21,  3.12713213e-01,  7.32658710e-02, -1.21218384e-21,
        2.66289682e-02,  5.87391948e-01]), array([ 1.17471072e-21,  3.28348873e-01,  7.69291646e-02, -1.22665024e-21,
        2.79604166e-02,  5.66761546e-01]), array([ 1.22458614e-21,  3.43984534e-01,  8.05924581e-02, -1.23823414e-21,
        2.92918650e-02,  5.46131143e-01]), array([ 1.27450300e-21,  3.59620194e-01,  8.42557517e-02, -1.25333356e-21,
        3.06233134e-02,  5.25500741e-01]), array([ 1.32683392e-21,  3.75255855e-01,  8.79190452e-02, -1.26461862e-21,
        3.19547618e-02,  5.04870338e-01]), array([ 1.37365115e-21,  3.90891516e-01,  9.15823388e-02, -1.27825448e-21,
        3.32862102e-02,  4.84239935e-01]), array([ 1.42294264e-21,  4.06527176e-01,  9.52456323e-02, -1.28880718e-21,
        3.46176586e-02,  4.63609533e-01]), array([ 1.47243329e-21,  4.22162837e-01,  9.89089259e-02, -1.30524386e-21,
        3.59491070e-02,  4.42979130e-01]), array([ 1.52263176e-21,  4.37798498e-01,  1.02572219e-01, -1.31672751e-21,
        3.72805555e-02,  4.22348728e-01]), array([ 1.56850196e-21,  4.53434158e-01,  1.06235513e-01, -1.32918173e-21,
        3.86120039e-02,  4.01718325e-01]), array([ 1.62294755e-21,  4.69069819e-01,  1.09898807e-01, -1.34370977e-21,
        3.99434523e-02,  3.81087922e-01]), array([ 1.67119392e-21,  4.84705479e-01,  1.13562100e-01, -1.35614759e-21,
        4.12749007e-02,  3.60457520e-01]), array([ 1.71918330e-21,  5.00341140e-01,  1.17225394e-01, -1.36734502e-21,
        4.26063491e-02,  3.39827117e-01]), array([ 1.76935623e-21,  5.15976801e-01,  1.20888687e-01, -1.38200257e-21,
        4.39377975e-02,  3.19196715e-01]), array([ 1.81811438e-21,  5.31612461e-01,  1.24551981e-01, -1.39745792e-21,
        4.52692459e-02,  2.98566312e-01]), array([ 1.86564357e-21,  5.47248122e-01,  1.28215274e-01, -1.40777225e-21,
        4.66006943e-02,  2.77935910e-01]), array([ 1.91661608e-21,  5.62883783e-01,  1.31878568e-01, -1.41985791e-21,
        4.79321427e-02,  2.57305507e-01]), array([ 1.96826970e-21,  5.78519443e-01,  1.35541861e-01, -1.43459695e-21,
        4.92635911e-02,  2.36675104e-01]), array([ 2.01823890e-21,  5.94155104e-01,  1.39205155e-01, -1.44644869e-21,
        5.05950395e-02,  2.16044702e-01]), array([ 2.06802876e-21,  6.09790764e-01,  1.42868448e-01, -1.45948255e-21,
        5.19264880e-02,  1.95414299e-01]), array([ 2.11888116e-21,  6.25426425e-01,  1.46531742e-01, -1.47346792e-21,
        5.32579364e-02,  1.74783897e-01]), array([ 2.16728099e-21,  6.41062086e-01,  1.50195036e-01, -1.48678219e-21,
        5.45893848e-02,  1.54153494e-01]), array([ 2.21586895e-21,  6.56697746e-01,  1.53858329e-01, -1.49614431e-21,
        5.59208332e-02,  1.33523091e-01]), array([ 2.26490379e-21,  6.72333407e-01,  1.57521623e-01, -1.51130020e-21,
        5.72522816e-02,  1.12892689e-01]), array([ 2.31311921e-21,  6.87969068e-01,  1.61184916e-01, -1.52549389e-21,
        5.85837300e-02,  9.22622862e-02]), array([ 2.36103711e-21,  7.03604728e-01,  1.64848210e-01, -1.53549141e-21,
        5.99151784e-02,  7.16318837e-02]), array([ 2.41005373e-21,  7.19240389e-01,  1.68511503e-01, -1.55270317e-21,
        6.12466268e-02,  5.10014811e-02]), array([ 2.46023438e-21,  7.34876049e-01,  1.72174797e-01, -1.56417082e-21,
        6.25780752e-02,  3.03710785e-02]), array([ 2.51369167e-21,  7.50511710e-01,  1.75838090e-01, -1.57409795e-21,
        6.39095236e-02,  9.74067590e-03]), array([ 2.59098248e-21,  7.78058252e-01,  1.61458364e-01, -1.05664607e-21,
        6.04833839e-02,  1.27315774e-22]), array([ 2.64884948e-21,  8.16258876e-01,  1.30939461e-01, -1.07646810e-21,
        5.28016622e-02,  1.28635002e-22]), array([ 2.70849364e-21,  8.54459500e-01,  1.00420559e-01, -1.10182422e-21,
        4.51199406e-02,  1.31338271e-22]), array([ 2.76247109e-21,  8.92660124e-01,  6.99016569e-02, -1.12716784e-21,
        3.74382189e-02,  1.28946735e-22]), array([ 2.83377293e-21,  9.30860748e-01,  3.93827546e-02, -1.14472929e-21,
        2.97564972e-02,  1.41679891e-22]), array([ 2.87649853e-21,  9.69061372e-01,  8.86385235e-03, -1.17460206e-21,
        2.20747755e-02,  1.33569996e-22]), array([ 4.20362151e-08,  9.99999655e-01,  1.67110505e-07,  4.05193806e-09,
        1.51163459e-07, -1.34945829e-08])], 'variance': [7.613115851715401e-48, 2.672859431602907e-06, 1.0691437726411622e-05, 2.4055734884426145e-05, 4.276575090564651e-05, 6.682148579007263e-05, 9.62229395377046e-05, 0.00013097011214854233, 0.00017106300362258595, 0.00021650161395983533, 0.0002672859431602905, 0.00032341599122395157, 0.00038489175815081844, 0.0004517132439408909, 0.0005238804485941693, 0.0006013933721106536, 0.0006842520144903438, 0.0007724563757332397, 0.0008660064558393416, 0.0009649022548086486, 0.0010691437726411618, 0.0011787310093368812, 0.0012936639648958065, 0.0014139426393179368, 0.0015395670326032733, 0.0016705371447518164, 0.0018068529757635644, 0.0019485145256385179, 0.0020955217943766768, 0.0022478747819780435, 0.002405573488442614, 0.002568617913770392, 0.0027370080579613753, 0.002910743921015563, 0.003089825502932959, 0.0032742528037135593, 0.003464025823357366, 0.003659144561864377, 0.0038596090192345956, 0.004065419195468018, 0.004276575090564647, 0.004493076704524484, 0.004714924037347527, 0.004942117089033772, 0.005174655859583226, 0.005412540348995884, 0.005655770557271749, 0.005904346484410818, 0.006158268130413093, 0.00642245261895309, 0.006723344398999884, 0.007064877660807016, 0.007447052404374487, 0.007869868629702296, 0.008333326336790445, 0.008632976338897601]}, 'rates_2': {'weights': [array([6.99223533e-24, 6.99498841e-24, 6.99435312e-24, 6.99392955e-24,
       6.99371777e-24, 1.00000000e+00]), array([ 7.35154593e-22,  1.68437627e-02,  1.01256531e-04, -1.09293199e-21,
        1.99287656e-03,  9.81062104e-01]), array([ 7.72925318e-22,  3.36875255e-02,  2.02513062e-04, -1.11365061e-21,
        3.98575312e-03,  9.62124208e-01]), array([ 8.10986327e-22,  5.05312882e-02,  3.03769593e-04, -1.13446707e-21,
        5.97862969e-03,  9.43186312e-01]), array([ 8.48765515e-22,  6.73750510e-02,  4.05026124e-04, -1.15468945e-21,
        7.97150625e-03,  9.24248417e-01]), array([ 8.86582148e-22,  8.42188137e-02,  5.06282654e-04, -1.17577284e-21,
        9.96438281e-03,  9.05310521e-01]), array([ 9.24225803e-22,  1.01062576e-01,  6.07539185e-04, -1.19604592e-21,
        1.19572594e-02,  8.86372625e-01]), array([ 9.62539708e-22,  1.17906339e-01,  7.08795716e-04, -1.21701373e-21,
        1.39501359e-02,  8.67434729e-01]), array([ 1.00105471e-21,  1.34750102e-01,  8.10052247e-04, -1.23824612e-21,
        1.59430125e-02,  8.48496833e-01]), array([ 1.03838156e-21,  1.51593865e-01,  9.11308778e-04, -1.25927629e-21,
        1.79358891e-02,  8.29558937e-01]), array([ 1.07632561e-21,  1.68437627e-01,  1.01256531e-03, -1.27923720e-21,
        1.99287656e-02,  8.10621042e-01]), array([ 1.11418975e-21,  1.85281390e-01,  1.11382184e-03, -1.30017043e-21,
        2.19216422e-02,  7.91683146e-01]), array([ 1.15339236e-21,  2.02125153e-01,  1.21507837e-03, -1.32182567e-21,
        2.39145187e-02,  7.72745250e-01]), array([ 1.18973791e-21,  2.18968916e-01,  1.31633490e-03, -1.34217529e-21,
        2.59073953e-02,  7.53807354e-01]), array([ 1.22887420e-21,  2.35812678e-01,  1.41759143e-03, -1.36136306e-21,
        2.79002719e-02,  7.34869458e-01]), array([ 1.26636780e-21,  2.52656441e-01,  1.51884796e-03, -1.38269556e-21,
        2.98931484e-02,  7.15931562e-01]), array([ 1.30296165e-21,  2.69500204e-01,  1.62010449e-03, -1.40341889e-21,
        3.18860250e-02,  6.96993667e-01]), array([ 1.34123516e-21,  2.86343967e-01,  1.72136103e-03, -1.42377273e-21,
        3.38789016e-02,  6.78055771e-01]), array([ 1.37937277e-21,  3.03187729e-01,  1.82261756e-03, -1.44398813e-21,
        3.58717781e-02,  6.59117875e-01]), array([ 1.41825440e-21,  3.20031492e-01,  1.92387409e-03, -1.46441213e-21,
        3.78646547e-02,  6.40179979e-01]), array([ 1.45542532e-21,  3.36875255e-01,  2.02513062e-03, -1.48703135e-21,
        3.98575312e-02,  6.21242083e-01]), array([ 1.49460145e-21,  3.53719018e-01,  2.12638715e-03, -1.50670960e-21,
        4.18504078e-02,  6.02304187e-01]), array([ 1.52929896e-21,  3.70562780e-01,  2.22764368e-03, -1.52726112e-21,
        4.38432844e-02,  5.83366292e-01]), array([ 1.56908628e-21,  3.87406543e-01,  2.32890021e-03, -1.54893355e-21,
        4.58361609e-02,  5.64428396e-01]), array([ 1.60520328e-21,  4.04250306e-01,  2.43015674e-03, -1.56982935e-21,
        4.78290375e-02,  5.45490500e-01]), array([ 1.64268793e-21,  4.21094069e-01,  2.53141327e-03, -1.59064475e-21,
        4.98219141e-02,  5.26552604e-01]), array([ 1.68234342e-21,  4.37937831e-01,  2.63266980e-03, -1.61062204e-21,
        5.18147906e-02,  5.07614708e-01]), array([ 1.72068259e-21,  4.54781594e-01,  2.73392633e-03, -1.62793154e-21,
        5.38076672e-02,  4.88676812e-01]), array([ 1.75966707e-21,  4.71625357e-01,  2.83518286e-03, -1.65338178e-21,
        5.58005437e-02,  4.69738917e-01]), array([ 1.79569538e-21,  4.88469120e-01,  2.93643940e-03, -1.67140529e-21,
        5.77934203e-02,  4.50801021e-01]), array([ 1.83575541e-21,  5.05312882e-01,  3.03769593e-03, -1.69226660e-21,
        5.97862969e-02,  4.31863125e-01]), array([ 1.87469995e-21,  5.22156645e-01,  3.13895246e-03, -1.71257271e-21,
        6.17791734e-02,  4.12925229e-01]), array([ 1.91257525e-21,  5.39000408e-01,  3.24020899e-03, -1.73479129e-21,
        6.37720500e-02,  3.93987333e-01]), array([ 1.95000986e-21,  5.55844171e-01,  3.34146552e-03, -1.75764353e-21,
        6.57649266e-02,  3.75049437e-01]), array([ 1.98700199e-21,  5.72687933e-01,  3.44272205e-03, -1.77527344e-21,
        6.77578031e-02,  3.56111542e-01]), array([ 2.02488219e-21,  5.89531696e-01,  3.54397858e-03, -1.79715439e-21,
        6.97506797e-02,  3.37173646e-01]), array([ 2.06284397e-21,  6.06375459e-01,  3.64523511e-03, -1.81793328e-21,
        7.17435562e-02,  3.18235750e-01]), array([ 2.09955520e-21,  6.23219222e-01,  3.74649164e-03, -1.83705168e-21,
        7.37364328e-02,  2.99297854e-01]), array([ 2.13629296e-21,  6.40062984e-01,  3.84774817e-03, -1.85859873e-21,
        7.57293094e-02,  2.80359958e-01]), array([ 2.17357293e-21,  6.56906747e-01,  3.94900470e-03, -1.87775635e-21,
        7.77221859e-02,  2.61422062e-01]), array([ 2.21297957e-21,  6.73750510e-01,  4.05026124e-03, -1.89835331e-21,
        7.97150625e-02,  2.42484167e-01]), array([ 2.25364538e-21,  6.90594273e-01,  4.15151777e-03, -1.92044621e-21,
        8.17079390e-02,  2.23546271e-01]), array([ 2.28966313e-21,  7.07438035e-01,  4.25277430e-03, -1.94201280e-21,
        8.37008156e-02,  2.04608375e-01]), array([ 2.33113333e-21,  7.24281798e-01,  4.35403083e-03, -1.96321366e-21,
        8.56936922e-02,  1.85670479e-01]), array([ 2.36609120e-21,  7.41125561e-01,  4.45528736e-03, -1.98068469e-21,
        8.76865687e-02,  1.66732583e-01]), array([ 2.40669229e-21,  7.57969323e-01,  4.55654389e-03, -2.00706759e-21,
        8.96794453e-02,  1.47794687e-01]), array([ 2.44504331e-21,  7.74813086e-01,  4.65780042e-03, -2.02635545e-21,
        9.16723219e-02,  1.28856791e-01]), array([ 2.47907580e-21,  7.91656849e-01,  4.75905695e-03, -2.04574101e-21,
        9.36651984e-02,  1.09918896e-01]), array([ 2.51851154e-21,  8.08500612e-01,  4.86031348e-03, -2.06387113e-21,
        9.56580750e-02,  9.09809998e-02]), array([ 2.55699046e-21,  8.25344374e-01,  4.96157001e-03, -2.08174549e-21,
        9.76509515e-02,  7.20431040e-02]), array([ 2.59409563e-21,  8.42188137e-01,  5.06282654e-03, -2.11077666e-21,
        9.96438281e-02,  5.31052081e-02]), array([ 2.63097497e-21,  8.59031900e-01,  5.16408308e-03, -2.12800663e-21,
        1.01636705e-01,  3.41673123e-02]), array([ 2.67220225e-21,  8.75875663e-01,  5.26533961e-03, -2.14956560e-21,
        1.03629581e-01,  1.52294165e-02]), array([-1.70150098e-22,  8.97435897e-01, -7.81680149e-23, -3.14787161e-23,
        1.02564103e-01, -1.73708789e-22]), array([-1.97435309e-22,  9.61538462e-01, -9.43091498e-23, -3.67710408e-23,
        3.84615385e-02, -2.03321521e-22]), array([1.07839414e-07, 9.99996179e-01, 7.95428576e-07, 1.42331282e-06,
       1.18176178e-06, 3.17676649e-07])], 'variance': [8.786775092213887e-48, 2.864516840873593e-06, 1.1458067363494378e-05, 2.5780651567862338e-05, 4.583226945397751e-05, 7.161292102183984e-05, 0.00010312260627144943, 0.0001403613252028061, 0.00018332907781591016, 0.0002320258641107611, 0.00028645168408735936, 0.0003466065377457051, 0.0004124904250857977, 0.00048410334610763745, 0.0005614453008112244, 0.0006445162891965586, 0.0007333163112636403, 0.0008278453670124689, 0.000928103456443045, 0.0010340905795553676, 0.0011458067363494377, 0.001263251926825255, 0.0013864261509828196, 0.0015153294088221317, 0.0016499617003431905, 0.0017903230255459969, 0.0019364133844305502, 0.0020882327769968503, 0.002245781203244898, 0.002409058663174693, 0.0025780651567862346, 0.0027528006840795245, 0.0029332652450545617, 0.0031194588397113437, 0.0033113814680498753, 0.003509033130070154, 0.0037124138257721793, 0.00392152355515595, 0.004136362318221471, 0.004356930114968738, 0.00458322694539775, 0.004815252809508512, 0.005053007707301021, 0.005296491638775275, 0.00554570460393128, 0.0058006466027690304, 0.006061317635288527, 0.00632771770148977, 0.006599846801372763, 0.006877704934937502, 0.007161292102183987, 0.00745060830311222, 0.007745653537722202, 0.008046899615627136, 0.00839181757908096, 0.008632956417810898]}, 'rates_5': {'weights': [array([6.99054113e-24, 6.99287069e-24, 6.99244712e-24, 6.99181181e-24,
       6.99223535e-24, 1.00000000e+00]), array([4.28288746e-24, 1.83150183e-02, 2.14614155e-24, 9.36331879e-25,
       1.04178388e-24, 9.81684982e-01]), array([4.21791149e-24, 3.66300366e-02, 2.06430622e-24, 9.10228522e-25,
       9.43186149e-25, 9.63369963e-01]), array([4.09916107e-24, 5.49450549e-02, 1.92405107e-24, 1.01244560e-24,
       1.06639270e-24, 9.45054945e-01]), array([4.14031518e-24, 7.32600733e-02, 2.14991285e-24, 1.20508916e-24,
       1.16617407e-24, 9.26739927e-01]), array([4.49937065e-24, 9.15750916e-02, 1.86767881e-24, 9.78166792e-25,
       7.79945499e-25, 9.08424908e-01]), array([3.56304742e-24, 1.09890110e-01, 2.09378886e-24, 1.19632223e-24,
       1.20634209e-24, 8.90109890e-01]), array([4.10706536e-24, 1.28205128e-01, 2.22912806e-24, 1.39916585e-24,
       1.76007738e-24, 8.71794872e-01]), array([3.97730122e-24, 1.46520147e-01, 2.14877728e-24, 1.09251085e-24,
       1.08823528e-24, 8.53479853e-01]), array([4.06493758e-24, 1.64835165e-01, 2.04443258e-24, 9.09916755e-25,
       9.87580462e-25, 8.35164835e-01]), array([3.35096972e-24, 1.83150183e-01, 2.16762051e-24, 1.36120976e-24,
       1.46484879e-24, 8.16849817e-01]), array([3.16611574e-24, 2.01465201e-01, 2.42285732e-24, 1.13889905e-24,
       2.56365296e-24, 7.98534799e-01]), array([2.82310769e-24, 2.19780220e-01, 1.90395319e-24, 1.29370096e-24,
       6.66269907e-25, 7.80219780e-01]), array([3.33733769e-24, 2.38095238e-01, 2.08635718e-24, 2.38753388e-24,
       1.48239712e-24, 7.61904762e-01]), array([3.83976776e-24, 2.56410256e-01, 2.58364053e-24, 1.45961551e-24,
       2.23946809e-24, 7.43589744e-01]), array([3.52926290e-24, 2.74725275e-01, 1.38829764e-24, 1.06187716e-24,
       6.83863339e-25, 7.25274725e-01]), array([2.78537805e-24, 2.93040293e-01, 1.66843658e-24, 6.26831388e-25,
       1.27336896e-24, 7.06959707e-01]), array([2.55050211e-24, 3.11355311e-01, 2.34784161e-24, 1.26936316e-24,
       1.27146397e-24, 6.88644689e-01]), array([4.23708316e-24, 3.29670330e-01, 1.24962995e-24, 1.36511872e-24,
       1.50864364e-24, 6.70329670e-01]), array([1.87977413e-24, 3.47985348e-01, 2.13599757e-24, 1.56400867e-24,
       1.04987531e-24, 6.52014652e-01]), array([2.81431565e-24, 3.66300366e-01, 1.51347750e-24, 5.30996187e-25,
       1.61028934e-24, 6.33699634e-01]), array([3.77123272e-24, 3.84615385e-01, 1.53859323e-24, 1.58162303e-25,
       1.70324138e-24, 6.15384615e-01]), array([2.25182270e-24, 4.02930403e-01, 1.73881315e-24, 9.73300690e-25,
       2.73036107e-24, 5.97069597e-01]), array([6.22148660e-25, 4.21245421e-01, 4.17112907e-25, 1.64009027e-24,
       1.67033056e-24, 5.78754579e-01]), array([2.21892648e-24, 4.39560440e-01, 1.48709768e-24, 1.94738717e-24,
       3.25228515e-26, 5.60439560e-01]), array([ 6.83007935e-25,  4.57875458e-01,  2.60018356e-24, -8.79527997e-25,
        9.38637110e-25,  5.42124542e-01]), array([ 1.63800605e-24,  4.76190476e-01,  1.08637608e-24, -4.11600781e-25,
        5.19497941e-25,  5.23809524e-01]), array([3.42775973e-24, 4.94505495e-01, 2.52801977e-24, 2.90050143e-24,
       2.84672063e-24, 5.05494505e-01]), array([1.18045741e-24, 5.12820513e-01, 5.13787868e-25, 1.17163581e-24,
       1.56050948e-25, 4.87179487e-01]), array([3.04068666e-24, 5.31135531e-01, 2.20392785e-24, 2.47200329e-24,
       2.54814345e-24, 4.68864469e-01]), array([1.58475707e-24, 5.49450549e-01, 1.45679243e-24, 1.15418899e-24,
       2.85018767e-24, 4.50549451e-01]), array([-6.18225256e-26,  5.67765568e-01,  8.10481328e-25,  1.18860782e-24,
        1.54249245e-25,  4.32234432e-01]), array([2.34378450e-24, 5.86080586e-01, 1.80209473e-24, 2.59449180e-24,
       9.02331703e-26, 4.13919414e-01]), array([ 4.96464861e-24,  6.04395604e-01,  6.45333419e-25, -7.16629899e-25,
       -1.70153435e-24,  3.95604396e-01]), array([3.43152282e-24, 6.22710623e-01, 2.33999256e-24, 4.32101294e-24,
       3.93779104e-24, 3.77289377e-01]), array([ 2.06211016e-24,  6.41025641e-01,  3.85716499e-25, -3.91885161e-25,
        2.61111091e-24,  3.58974359e-01]), array([3.76903737e-25, 6.59340659e-01, 1.17454876e-24, 4.35529975e-24,
       2.76464201e-24, 3.40659341e-01]), array([-1.27170506e-24,  6.77655678e-01,  7.44539739e-25,  4.85900959e-25,
        2.72489797e-24,  3.22344322e-01]), array([ 1.87855347e-24,  6.95970696e-01,  2.88568859e-25, -2.19361682e-25,
       -2.39157219e-25,  3.04029304e-01]), array([7.23036168e-25, 7.14285714e-01, 7.14924990e-25, 3.13785213e-24,
       9.58321183e-25, 2.85714286e-01]), array([ 6.41881348e-25,  7.32600733e-01, -9.15044330e-25,  1.53050458e-24,
       -1.17516285e-24,  2.67399267e-01]), array([-9.42531034e-25,  7.50915751e-01,  1.96685060e-24,  5.74950494e-25,
        2.51695979e-25,  2.49084249e-01]), array([9.27211488e-25, 7.69230769e-01, 1.11459208e-24, 4.09511092e-24,
       3.95351751e-24, 2.30769231e-01]), array([-5.27703362e-25,  7.87545788e-01,  8.01406735e-25,  1.47659898e-24,
        1.59931690e-24,  2.12454212e-01]), array([1.07448444e-24, 8.05860806e-01, 1.85225023e-24, 6.66360307e-24,
       6.06476211e-24, 1.94139194e-01]), array([-5.82979335e-25,  8.24175824e-01, -1.25699500e-25, -1.04209671e-25,
       -1.42262017e-25,  1.75824176e-01]), array([-3.25557244e-25,  8.42490842e-01, -5.34187960e-25,  6.98444463e-25,
       -1.31448940e-24,  1.57509158e-01]), array([-1.97831952e-24,  8.60805861e-01,  7.53323979e-25,  1.16818436e-24,
        5.82910089e-25,  1.39194139e-01]), array([-3.40330341e-24,  8.79120879e-01,  4.58854990e-24,  5.89453146e-24,
        5.06490822e-24,  1.20879121e-01]), array([-5.04796043e-27,  8.97435897e-01, -4.34766728e-25,  1.73285346e-24,
        1.51794937e-24,  1.02564103e-01]), array([1.76463385e-24, 9.15750916e-01, 1.27549907e-24, 5.22202145e-24,
       2.68253862e-24, 8.42490842e-02]), array([3.44351866e-25, 9.34065934e-01, 4.90673998e-24, 5.04285700e-24,
       7.62533535e-24, 6.59340659e-02]), array([ 2.23635763e-26,  9.52380952e-01, -1.27854458e-24,  1.26527274e-25,
       -3.64651282e-24,  4.76190476e-02]), array([4.15668697e-25, 9.70695971e-01, 2.51865093e-24, 7.00223984e-24,
       2.59057125e-24, 2.93040293e-02]), array([2.33399355e-24, 9.89010989e-01, 3.95849783e-26, 4.83962292e-24,
       1.92171795e-24, 1.09890110e-02]), array([1.12449102e-06, 9.99961903e-01, 8.68056115e-06, 1.30478967e-05,
       1.21304219e-05, 3.11611531e-06])], 'variance': [1.0141402225774897e-47, 2.8958459123294285e-06, 1.1583383649317709e-05, 2.6062613210964854e-05, 4.6333534597270855e-05, 7.239614780823569e-05, 0.00010425045284385942, 0.00014189644970414195, 0.00018533413838908342, 0.00023456351889868368, 0.0002895845912329427, 0.00035039735539186097, 0.0004170018113754379, 0.0004893979591836733, 0.0005675857988165678, 0.0006515653302741215, 0.0007413365535563337, 0.0008368994686632051, 0.000938254075594735, 0.0010454003743509235, 0.001158338364931771, 0.0012770680473372779, 0.0014015894215674439, 0.001531902487622268, 0.001668007245501751, 0.001809903695205893, 0.001957591836734694, 0.0021110716700881533, 0.0022703431952662712, 0.0024354064122690494, 0.002606261321096486, 0.0027829079217485814, 0.0029653462142253356, 0.0031535761985267466, 0.0033475978746528206, 0.003547411242603549, 0.003753016302378939, 0.003964413053978988, 0.0041816014974036956, 0.0044045816326530604, 0.004633353459727084, 0.004867916978625771, 0.0051082721893491116, 0.005354419091897114, 0.005606357686269776, 0.005864087972467093, 0.00612760995048907, 0.006396923620335706, 0.006672028982007004, 0.006952926035502958, 0.007239614780823572, 0.007532095217968847, 0.007830367346938776, 0.008134431167733368, 0.008444286680352613, 0.008632810843055406]}, 'rates_7': {'weights': [array([6.98990581e-24, 6.99265890e-24, 6.99223532e-24, 6.99138825e-24,
       6.99160004e-24, 1.00000000e+00]), array([4.34943054e-24, 1.83150183e-02, 2.17462625e-24, 9.41740931e-25,
       9.42919916e-25, 9.81684982e-01]), array([4.21180312e-24, 3.66300366e-02, 2.05834706e-24, 9.41431241e-25,
       9.33361686e-25, 9.63369963e-01]), array([4.09243417e-24, 5.49450549e-02, 2.02882174e-24, 1.06475384e-24,
       7.83242503e-25, 9.45054945e-01]), array([4.24868206e-24, 7.32600733e-02, 2.25833120e-24, 1.04240461e-24,
       1.20348496e-24, 9.26739927e-01]), array([4.51376784e-24, 9.15750916e-02, 2.21666298e-24, 1.03742957e-24,
       1.15684945e-24, 9.08424908e-01]), array([4.21731401e-24, 1.09890110e-01, 2.42567300e-24, 1.30603657e-24,
       1.33916477e-24, 8.90109890e-01]), array([3.90964137e-24, 1.28205128e-01, 2.17747986e-24, 9.66913905e-25,
       1.08731991e-24, 8.71794872e-01]), array([4.44291787e-24, 1.46520147e-01, 2.48555439e-24, 1.74119973e-24,
       1.43912493e-24, 8.53479853e-01]), array([4.94750168e-24, 1.64835165e-01, 2.17946997e-24, 6.98433627e-25,
       1.11902210e-24, 8.35164835e-01]), array([3.37178689e-24, 1.83150183e-01, 1.86277495e-24, 9.33840471e-25,
       7.04335428e-25, 8.16849817e-01]), array([3.17217401e-24, 2.01465201e-01, 2.28226146e-24, 2.10369747e-24,
       1.29562592e-24, 7.98534799e-01]), array([3.26555531e-24, 2.19780220e-01, 1.97110355e-24, 2.35682104e-24,
       1.18074708e-24, 7.80219780e-01]), array([3.31503142e-24, 2.38095238e-01, 1.67042636e-24, 1.85232867e-26,
       5.74194833e-25, 7.61904762e-01]), array([3.84046517e-24, 2.56410256e-01, 2.53313217e-24, 6.16640070e-25,
       2.23663446e-24, 7.43589744e-01]), array([2.63067677e-24, 2.74725275e-01, 1.03907084e-24, 8.36008925e-25,
       4.93978231e-25, 7.25274725e-01]), array([3.20059255e-24, 2.93040293e-01, 1.25919954e-24, 1.72863190e-24,
       1.33146896e-24, 7.06959707e-01]), array([2.52855648e-24, 3.11355311e-01, 1.44070378e-24, 1.47839313e-24,
       1.12518614e-24, 6.88644689e-01]), array([4.25044756e-24, 3.29670330e-01, 2.57404780e-24, 1.80351634e-24,
       1.63132555e-24, 6.70329670e-01]), array([4.47935272e-24, 3.47985348e-01, 4.23071713e-25, 2.84164761e-25,
       8.75107656e-25, 6.52014652e-01]), array([2.82780587e-24, 3.66300366e-01, 2.78297069e-24, 1.37897358e-24,
       1.64289970e-24, 6.33699634e-01]), array([2.09661582e-24, 3.84615385e-01, 2.77319407e-24, 2.92586807e-24,
       2.19721203e-24, 6.15384615e-01]), array([2.23072362e-24, 4.02930403e-01, 1.91883955e-24, 2.48369373e-24,
       2.16586686e-24, 5.97069597e-01]), array([ 2.26072089e-24,  4.21245421e-01,  1.31703210e-24, -7.04690565e-25,
        2.62054494e-25,  5.78754579e-01]), array([3.14122230e-24, 4.39560440e-01, 1.90493840e-24, 1.48484901e-24,
       2.70135700e-24, 5.60439560e-01]), array([3.22925869e-24, 4.57875458e-01, 2.13153448e-24, 3.44161752e-24,
       1.65103513e-24, 5.42124542e-01]), array([ 2.50728517e-24,  4.76190476e-01, -6.44988064e-25,  2.27503143e-26,
        3.36721255e-26,  5.23809524e-01]), array([3.46798912e-24, 4.94505495e-01, 2.38142946e-24, 5.08315235e-24,
       2.40162513e-24, 5.05494505e-01]), array([ 1.74953619e-25,  5.12820513e-01,  3.44812037e-25,  3.56100698e-25,
       -1.26651289e-24,  4.87179487e-01]), array([2.12982651e-24, 5.31135531e-01, 1.59073516e-24, 1.20386743e-24,
       1.43753383e-24, 4.68864469e-01]), array([1.24920348e-24, 5.49450549e-01, 6.80041168e-25, 2.07802408e-24,
       3.70061060e-25, 4.50549451e-01]), array([ 1.30415263e-24,  5.67765568e-01,  1.17625231e-24,  4.14313107e-25,
       -2.79309149e-25,  4.32234432e-01]), array([3.29640607e-24, 5.86080586e-01, 3.24077585e-24, 6.43116284e-24,
       3.28439983e-24, 4.13919414e-01]), array([5.05846605e-24, 6.04395604e-01, 1.23309318e-24, 8.73230541e-26,
       1.50275565e-24, 3.95604396e-01]), array([3.45450483e-24, 6.22710623e-01, 3.24746438e-24, 3.02811396e-24,
       3.36591506e-24, 3.77289377e-01]), array([2.83968418e-25, 6.41025641e-01, 1.12722511e-24, 3.88535370e-24,
       4.83525057e-24, 3.58974359e-01]), array([ 3.78607268e-24,  6.59340659e-01, -5.51417867e-25,  4.54679358e-26,
        1.31142314e-24,  3.40659341e-01]), array([-1.06507709e-24,  6.77655678e-01,  1.57474463e-24,  2.98995366e-24,
        2.55946021e-24,  3.22344322e-01]), array([3.73437334e-24, 6.95970696e-01, 3.74361736e-24, 3.63003634e-24,
       1.30778081e-26, 3.04029304e-01]), array([6.66736269e-25, 7.14285714e-01, 2.84824821e-24, 2.25468623e-24,
       1.69779766e-24, 2.85714286e-01]), array([2.50782672e-24, 7.32600733e-01, 2.49216619e-24, 1.04252390e-24,
       2.19006585e-24, 2.67399267e-01]), array([-8.68764307e-25,  7.50915751e-01,  2.78010552e-25,  2.33158522e-24,
       -1.45853292e-24,  2.49084249e-01]), array([2.63863897e-24, 7.69230769e-01, 4.22554317e-24, 5.00257877e-24,
       5.73928024e-24, 2.30769231e-01]), array([ 1.09331300e-24,  7.87545788e-01, -1.33639957e-24,  2.31953365e-25,
        3.27218392e-25,  2.12454212e-01]), array([2.72381712e-24, 8.05860806e-01, 1.60887864e-24, 1.14047941e-24,
       5.03724689e-25, 1.94139194e-01]), array([ 1.09493489e-24,  8.24175824e-01,  3.85268038e-25,  2.53022328e-24,
       -1.38929670e-24,  1.75824176e-01]), array([3.14102872e-24, 8.42490842e-01, 8.11068448e-25, 1.60898667e-24,
       3.59445042e-24, 1.57509158e-01]), array([-1.48603973e-25,  8.60805861e-01,  2.09177036e-24,  2.92828740e-24,
        3.31226614e-24,  1.39194139e-01]), array([5.29869172e-26, 8.79120879e-01, 2.83890408e-24, 5.88991872e-24,
       4.21621308e-24, 1.20879121e-01]), array([1.90962358e-24, 8.97435897e-01, 3.86121821e-24, 4.29377273e-24,
       4.24376714e-24, 1.02564103e-01]), array([-1.43773032e-25,  9.15750916e-01, -1.27609872e-24,  5.26543376e-24,
       -1.88063328e-24,  8.42490842e-02]), array([-5.34530326e-27,  9.34065934e-01,  1.96870332e-24,  3.39412163e-24,
        3.59282656e-24,  6.59340659e-02]), array([ 1.45925747e-25,  9.52380952e-01, -2.92627985e-24,  1.89675679e-24,
       -3.16381469e-24,  4.76190476e-02]), array([2.06742564e-24, 9.70695971e-01, 2.06737917e-24, 1.77697966e-24,
       3.39684785e-24, 2.93040293e-02]), array([ 6.76262842e-25,  9.89010989e-01, -3.87569933e-25,  4.85865026e-24,
       -1.33081338e-24,  1.09890110e-02]), array([5.58862326e-07, 9.99989051e-01, 2.49779362e-06, 3.71757106e-06,
       3.54094627e-06, 6.33649234e-07])], 'variance': [1.0509798795786662e-47, 2.8958459123294268e-06, 1.1583383649317707e-05, 2.606261321096485e-05, 4.633353459727085e-05, 7.239614780823568e-05, 0.0001042504528438594, 0.00014189644970414192, 0.0001853341383890834, 0.00023456351889868365, 0.0002895845912329426, 0.00035039735539186086, 0.00041700181137543777, 0.0004893979591836732, 0.0005675857988165677, 0.0006515653302741213, 0.0007413365535563336, 0.000836899468663205, 0.0009382540755947349, 0.0010454003743509232, 0.0011583383649317709, 0.0012770680473372779, 0.0014015894215674435, 0.0015319024876222678, 0.0016680072455017507, 0.0018099036952058925, 0.0019575918367346935, 0.002111071670088153, 0.002270343195266271, 0.002435406412269049, 0.0026062613210964852, 0.002782907921748581, 0.002965346214225335, 0.003153576198526746, 0.00334759787465282, 0.0035474112426035487, 0.0037530163023789384, 0.003964413053978987, 0.004181601497403695, 0.00440458163265306, 0.0046333534597270834, 0.00486791697862577, 0.0051082721893491116, 0.005354419091897113, 0.0056063576862697756, 0.005864087972467092, 0.0061276099504890685, 0.006396923620335705, 0.006672028982007003, 0.006952926035502956, 0.00723961478082357, 0.007532095217968845, 0.007830367346938774, 0.008134431167733366, 0.008444286680352612, 0.008632940038308166]}, 'rates_10': {'weights': [array([6.98948226e-24, 6.99223536e-24, 6.99138825e-24, 6.99117646e-24,
       6.99160001e-24, 1.00000000e+00]), array([4.34885026e-24, 1.83150183e-02, 2.18569761e-24, 1.00790075e-24,
       1.07604844e-24, 9.81684982e-01]), array([4.11952011e-24, 3.66300366e-02, 2.10963814e-24, 1.15329765e-24,
       1.07525264e-24, 9.63369963e-01]), array([4.08685549e-24, 5.49450549e-02, 2.00848911e-24, 8.81515001e-25,
       9.16182678e-25, 9.45054945e-01]), array([4.03183241e-24, 7.32600733e-02, 2.14991685e-24, 6.62893368e-25,
       8.37640268e-25, 9.26739927e-01]), array([4.31101617e-24, 9.15750916e-02, 2.07931795e-24, 7.69679093e-25,
       6.94110408e-25, 9.08424908e-01]), array([3.77969579e-24, 1.09890110e-01, 2.00964344e-24, 1.09767396e-24,
       9.66596278e-25, 8.90109890e-01]), array([3.91481919e-24, 1.28205128e-01, 1.74911629e-24, 1.07500299e-24,
       7.53378324e-25, 8.71794872e-01]), array([4.44803323e-24, 1.46520147e-01, 2.40331497e-24, 1.64116174e-24,
       1.33155393e-24, 8.53479853e-01]), array([3.66768204e-24, 1.64835165e-01, 2.20122456e-24, 9.14029305e-25,
       7.59288478e-25, 8.35164835e-01]), array([3.37314389e-24, 1.83150183e-01, 1.77742642e-24, 6.16762844e-25,
       1.16336537e-24, 8.16849817e-01]), array([3.13235202e-24, 2.01465201e-01, 2.17639328e-24, 1.25516548e-24,
       8.46046142e-25, 7.98534799e-01]), array([3.20830392e-24, 2.19780220e-01, 2.18475772e-24, 8.50340168e-25,
       1.48991087e-24, 7.80219780e-01]), array([3.30158028e-24, 2.38095238e-01, 2.38511207e-24, 1.72856920e-24,
       2.10266093e-24, 7.61904762e-01]), array([2.55799705e-24, 2.56410256e-01, 3.38904955e-24, 1.45749469e-24,
       2.11426816e-24, 7.43589744e-01]), array([3.11873698e-24, 2.74725275e-01, 2.29702404e-24, 5.91307280e-25,
       1.51655502e-24, 7.25274725e-01]), array([2.33432597e-24, 2.93040293e-01, 1.25958097e-24, 2.37949172e-24,
       1.00638145e-24, 7.06959707e-01]), array([1.61279699e-24, 3.11355311e-01, 8.26764454e-25, 8.89651519e-25,
       8.11588588e-25, 6.88644689e-01]), array([3.41906023e-24, 3.29670330e-01, 2.56830641e-24, 9.17086772e-25,
       1.72595399e-24, 6.70329670e-01]), array([ 1.83742303e-24,  3.47985348e-01,  1.04563344e-24,  6.07475754e-26,
       -2.83357564e-25,  6.52014652e-01]), array([3.67242155e-24, 3.66300366e-01, 4.17020661e-25, 5.29901158e-25,
       3.67976548e-25, 6.33699634e-01]), array([1.21616901e-24, 3.84615385e-01, 2.15260841e-24, 1.85898655e-24,
       2.61263850e-24, 6.15384615e-01]), array([2.21981250e-24, 4.02930403e-01, 2.51483430e-24, 3.33509517e-24,
       3.35455199e-24, 5.97069597e-01]), array([ 2.23937915e-24,  4.21245421e-01, -5.88069009e-27, -2.69792141e-25,
        8.38604454e-25,  5.78754579e-01]), array([2.30722918e-24, 4.39560440e-01, 1.69842607e-24, 1.68566679e-24,
       1.87742849e-24, 5.60439560e-01]), array([3.31282384e-24, 4.57875458e-01, 2.97283549e-24, 4.72199426e-24,
       3.55114777e-24, 5.42124542e-01]), array([1.60576884e-24, 4.76190476e-01, 4.90901642e-25, 2.22626961e-24,
       4.23400498e-25, 5.23809524e-01]), array([4.39249269e-24, 4.94505495e-01, 3.30658523e-24, 2.91190316e-24,
       2.56213186e-24, 5.05494505e-01]), array([ 2.01867315e-24,  5.12820513e-01, -6.09618013e-25,  1.16839862e-24,
        5.06394255e-25,  4.87179487e-01]), array([1.23483161e-24, 5.31135531e-01, 1.93662034e-24, 1.15377287e-24,
       3.35704118e-24, 4.68864469e-01]), array([-3.85060087e-25,  5.49450549e-01,  2.01406499e-25, -1.01050082e-24,
        9.11627879e-25,  4.50549451e-01]), array([1.38452937e-24, 5.67765568e-01, 2.81993800e-24, 2.07813556e-24,
       3.56029357e-24, 4.32234432e-01]), array([-2.48264388e-25,  5.86080586e-01,  2.40874541e-24,  3.41518350e-24,
        2.58553066e-24,  4.13919414e-01]), array([3.29925044e-24, 6.04395604e-01, 3.65979285e-25, 9.38622589e-25,
       2.12247329e-25, 3.95604396e-01]), array([1.66188331e-24, 6.22710623e-01, 4.16790667e-24, 3.04691376e-24,
       3.65888031e-24, 3.77289377e-01]), array([ 2.73823096e-25,  6.41025641e-01,  2.84294276e-24, -4.42628086e-25,
        1.45133594e-24,  3.58974359e-01]), array([3.21591270e-25, 6.59340659e-01, 1.53536787e-24, 2.61413363e-24,
       5.69367176e-25, 3.40659341e-01]), array([-4.67673102e-24,  6.77655678e-01, -1.08711527e-24,  4.29603251e-25,
       -1.05501276e-24,  3.22344322e-01]), array([3.76476214e-24, 6.95970696e-01, 1.25896508e-24, 1.92696955e-24,
       1.87161222e-24, 3.04029304e-01]), array([2.35994686e-24, 7.14285714e-01, 1.15728833e-24, 4.02518048e-24,
       2.73074238e-24, 2.85714286e-01]), array([2.51057246e-24, 7.32600733e-01, 2.49681696e-24, 1.73990796e-25,
       3.51644260e-25, 2.67399267e-01]), array([-9.12565571e-25,  7.50915751e-01,  1.12768767e-24,  1.47193529e-25,
        7.04694611e-25,  2.49084249e-01]), array([-8.45755702e-25,  7.69230769e-01,  8.27074255e-25,  2.00107041e-24,
        6.16885488e-25,  2.30769231e-01]), array([ 2.84936303e-24,  7.87545788e-01, -1.05482754e-24,  1.46580973e-24,
        1.23824958e-24,  2.12454212e-01]), array([-7.10380671e-25,  8.05860806e-01, -9.01269800e-26, -1.62331017e-25,
        2.48746998e-24,  1.94139194e-01]), array([-5.56997727e-25,  8.24175824e-01, -9.18036557e-25,  1.62521820e-24,
        2.49396022e-24,  1.75824176e-01]), array([1.31490489e-24, 8.42490842e-01, 4.68170453e-24, 2.92916551e-24,
       3.07352862e-24, 1.57509158e-01]), array([-1.63620169e-25,  8.60805861e-01,  3.37684142e-24,  2.92950482e-24,
        3.18920592e-24,  1.39194139e-01]), array([-2.10867668e-25,  8.79120879e-01,  1.66533273e-24,  1.66571246e-24,
        1.49564032e-24,  1.20879121e-01]), array([ 6.91457421e-26,  8.97435897e-01, -9.92089835e-26,  3.39733924e-24,
        5.07998051e-24,  1.02564103e-01]), array([1.67305150e-24, 9.15750916e-01, 1.67000501e-24, 1.72523434e-24,
       2.33953405e-24, 8.42490842e-02]), array([-1.62259764e-24,  9.34065934e-01,  7.37737771e-25,  8.20069801e-25,
        9.25189509e-25,  6.59340659e-02]), array([-1.59605189e-24,  9.52380952e-01, -1.75569725e-24,  1.79611323e-24,
       -1.12831293e-24,  4.76190476e-02]), array([5.43980255e-25, 9.70695971e-01, 3.36009091e-24, 8.67285953e-24,
       3.65834226e-24, 2.93040293e-02]), array([2.26507544e-24, 9.89010989e-01, 1.24871774e-24, 4.83187842e-24,
       3.04604426e-24, 1.09890110e-02]), array([7.45707572e-07, 9.99985798e-01, 3.25983165e-06, 4.78253036e-06,
       4.61158072e-06, 8.01951270e-07])], 'variance': [1.0818179588440369e-47, 2.895845912329427e-06, 1.1583383649317709e-05, 2.6062613210964854e-05, 4.6333534597270855e-05, 7.239614780823569e-05, 0.00010425045284385942, 0.00014189644970414195, 0.00018533413838908342, 0.00023456351889868368, 0.0002895845912329427, 0.00035039735539186097, 0.0004170018113754379, 0.0004893979591836733, 0.0005675857988165678, 0.0006515653302741215, 0.0007413365535563337, 0.0008368994686632051, 0.000938254075594735, 0.0010454003743509235, 0.001158338364931771, 0.0012770680473372779, 0.0014015894215674439, 0.001531902487622268, 0.001668007245501751, 0.001809903695205893, 0.001957591836734694, 0.0021110716700881533, 0.0022703431952662712, 0.0024354064122690494, 0.002606261321096486, 0.0027829079217485814, 0.0029653462142253356, 0.0031535761985267466, 0.0033475978746528206, 0.003547411242603549, 0.003753016302378939, 0.003964413053978988, 0.0041816014974036956, 0.0044045816326530604, 0.004633353459727084, 0.004867916978625771, 0.0051082721893491116, 0.005354419091897114, 0.005606357686269776, 0.005864087972467093, 0.00612760995048907, 0.006396923620335706, 0.006672028982007004, 0.006952926035502958, 0.007239614780823572, 0.007532095217968847, 0.007830367346938776, 0.008134431167733368, 0.008444286680352613, 0.008632934260152452]}, 'rates_15': {'weights': [array([6.98863519e-24, 6.99181181e-24, 6.99075294e-24, 6.99075291e-24,
       6.99117646e-24, 1.00000000e+00]), array([4.24339607e-24, 1.83150183e-02, 2.13306155e-24, 9.73024311e-25,
       1.07074839e-24, 9.81684982e-01]), array([4.22433894e-24, 3.66300366e-02, 2.14100163e-24, 1.01985000e-24,
       9.18075552e-25, 9.63369963e-01]), array([4.21197765e-24, 5.49450549e-02, 2.08042471e-24, 1.11631267e-24,
       8.99463514e-25, 9.45054945e-01]), array([4.24059569e-24, 7.32600733e-02, 2.05421415e-24, 8.34693836e-25,
       8.12738152e-25, 9.26739927e-01]), array([4.55162045e-24, 9.15750916e-02, 2.46774685e-24, 1.36296286e-24,
       1.37400546e-24, 9.08424908e-01]), array([3.77975326e-24, 1.09890110e-01, 2.32152664e-24, 9.78398034e-25,
       1.22335570e-24, 8.90109890e-01]), array([4.12357045e-24, 1.28205128e-01, 2.07356231e-24, 9.64884767e-25,
       1.32387127e-24, 8.71794872e-01]), array([4.45836960e-24, 1.46520147e-01, 1.98469033e-24, 1.32001056e-24,
       9.91813573e-25, 8.53479853e-01]), array([4.10576144e-24, 1.64835165e-01, 2.21854929e-24, 8.08892852e-25,
       9.92574702e-25, 8.35164835e-01]), array([3.81475050e-24, 1.83150183e-01, 2.13444748e-24, 8.48335993e-25,
       1.47354150e-24, 8.16849817e-01]), array([3.10358818e-24, 2.01465201e-01, 1.71183996e-24, 1.02838179e-24,
       5.51151549e-25, 7.98534799e-01]), array([3.19792545e-24, 2.19780220e-01, 2.38653828e-24, 6.29347940e-25,
       1.69419708e-24, 7.80219780e-01]), array([2.88913088e-24, 2.38095238e-01, 1.74244379e-24, 2.38437786e-24,
       1.56311897e-24, 7.61904762e-01]), array([3.88790911e-24, 2.56410256e-01, 2.59066216e-24, 1.49072764e-24,
       1.96141765e-24, 7.43589744e-01]), array([3.93496258e-24, 2.74725275e-01, 2.29820242e-24, 2.11702037e-24,
       2.07442151e-24, 7.25274725e-01]), array([2.35279790e-24, 2.93040293e-01, 1.23518891e-24, 6.27142211e-25,
       2.38495475e-24, 7.06959707e-01]), array([3.33688086e-24, 3.11355311e-01, 3.10575659e-24, 2.12006876e-24,
       2.36617834e-24, 6.88644689e-01]), array([4.29172435e-24, 3.29670330e-01, 1.78568377e-24, 1.39950021e-24,
       8.37675732e-25, 6.70329670e-01]), array([2.80271357e-24, 3.47985348e-01, 1.37087264e-24, 1.08226496e-24,
       1.62081618e-24, 6.52014652e-01]), array([3.66825643e-24, 3.66300366e-01, 1.92884427e-24, 1.39559233e-24,
       6.88193489e-25, 6.33699634e-01]), array([3.83971058e-24, 3.84615385e-01, 1.91691127e-24, 2.49315891e-24,
       1.61077156e-24, 6.15384615e-01]), array([3.04707469e-24, 4.02930403e-01, 1.63921331e-24, 1.39242656e-24,
       1.73170588e-24, 5.97069597e-01]), array([4.54108229e-25, 4.21245421e-01, 1.66071932e-24, 2.07391702e-24,
       2.40597610e-24, 5.78754579e-01]), array([4.02021942e-24, 4.39560440e-01, 2.44536093e-24, 6.59862428e-25,
       2.32547164e-24, 5.60439560e-01]), array([1.62705518e-24, 4.57875458e-01, 2.12811977e-24, 3.00028114e-24,
       2.15218153e-24, 5.42124542e-01]), array([8.15379985e-25, 4.76190476e-01, 3.43230852e-24, 1.72326564e-24,
       4.10661001e-25, 5.23809524e-01]), array([4.41665229e-24, 4.94505495e-01, 8.94859402e-25, 1.71383043e-24,
       2.61075152e-25, 5.05494505e-01]), array([ 1.00942835e-24,  5.12820513e-01,  7.40471541e-25, -1.38371643e-24,
       -8.11225375e-25,  4.87179487e-01]), array([4.69818480e-24, 5.31135531e-01, 1.92650999e-24, 1.58493223e-24,
       2.26420937e-24, 4.68864469e-01]), array([-3.22981857e-25,  5.49450549e-01,  3.75291850e-26,  2.37721654e-24,
        2.24188358e-24,  4.50549451e-01]), array([ 1.40651547e-24,  5.67765568e-01,  1.17052524e-24, -4.71769847e-25,
       -4.75843985e-25,  4.32234432e-01]), array([3.19692537e-24, 5.86080586e-01, 1.60735225e-24, 3.02170418e-24,
       1.03524196e-24, 4.13919414e-01]), array([3.35795029e-24, 6.04395604e-01, 1.21610364e-24, 3.08046949e-24,
       1.47782537e-24, 3.95604396e-01]), array([3.49582717e-24, 6.22710623e-01, 4.54013692e-24, 4.28755260e-24,
       7.14317511e-24, 3.77289377e-01]), array([2.01383705e-24, 6.41025641e-01, 1.01397123e-24, 3.84636254e-24,
       2.65263257e-24, 3.58974359e-01]), array([3.71433379e-24, 6.59340659e-01, 2.33845404e-24, 2.15627795e-24,
       3.12598218e-24, 3.40659341e-01]), array([2.12575881e-24, 6.77655678e-01, 2.66680556e-24, 2.55014767e-24,
       1.64772769e-24, 3.22344322e-01]), array([ 3.82403332e-25,  6.95970696e-01,  1.28478639e-24,  1.04450289e-24,
       -1.59703728e-24,  3.04029304e-01]), array([ 2.36986007e-24,  7.14285714e-01, -5.06655878e-25,  1.90435542e-24,
       -1.53393078e-24,  2.85714286e-01]), array([4.17636974e-24, 7.32600733e-01, 4.32534186e-25, 1.11374892e-24,
       2.21541014e-24, 2.67399267e-01]), array([2.55322826e-24, 7.50915751e-01, 2.00319836e-24, 1.44763946e-24,
       3.09877654e-24, 2.49084249e-01]), array([4.53927903e-24, 7.69230769e-01, 4.63641270e-24, 5.81988715e-24,
       6.10461809e-24, 2.30769231e-01]), array([1.12635324e-24, 7.87545788e-01, 1.51572259e-24, 2.76501449e-24,
       2.50447168e-24, 2.12454212e-01]), array([-6.46185405e-25,  8.05860806e-01,  1.20132048e-24,  2.84905231e-24,
        3.10885083e-24,  1.94139194e-01]), array([1.25023781e-24, 8.24175824e-01, 1.25285488e-24, 3.77255758e-24,
       3.12543865e-24, 1.75824176e-01]), array([1.41165215e-24, 8.42490842e-01, 1.30427826e-24, 1.22652325e-24,
       1.62409707e-24, 1.57509158e-01]), array([-1.39028413e-25,  8.60805861e-01,  3.30998989e-24,  4.19039006e-24,
        5.71433319e-24,  1.39194139e-01]), array([3.32417306e-24, 8.79120879e-01, 4.15735707e-24, 2.45928379e-24,
       6.78247103e-24, 1.20879121e-01]), array([1.90803874e-24, 8.97435897e-01, 3.42654265e-24, 2.55864914e-24,
       3.80938646e-24, 1.02564103e-01]), array([-1.79237922e-24,  9.15750916e-01,  8.10645812e-25,  1.72699699e-24,
        3.43074673e-24,  8.42490842e-02]), array([1.96468850e-25, 9.34065934e-01, 4.12420649e-24, 2.48847196e-24,
       7.10199160e-24, 6.59340659e-02]), array([-1.40055122e-24,  9.52380952e-01,  1.69889767e-24, -2.57547039e-24,
        7.52264739e-25,  4.76190476e-02]), array([-1.27172672e-24,  9.70695971e-01,  5.07341199e-24,  5.18409398e-24,
        4.09091255e-24,  2.93040293e-02]), array([ 4.25038336e-25,  9.89010989e-01, -3.03597435e-24,  5.53016096e-25,
       -1.20872653e-25,  1.09890110e-02]), array([1.06924560e-06, 9.99980156e-01, 4.57896834e-06, 6.64371925e-06,
       6.46006136e-06, 1.09138231e-06])], 'variance': [1.1119843025008133e-47, 2.895845912329428e-06, 1.1583383649317707e-05, 2.606261321096485e-05, 4.633353459727085e-05, 7.239614780823568e-05, 0.0001042504528438594, 0.00014189644970414192, 0.0001853341383890834, 0.00023456351889868365, 0.0002895845912329426, 0.00035039735539186086, 0.00041700181137543777, 0.0004893979591836732, 0.0005675857988165677, 0.0006515653302741213, 0.0007413365535563336, 0.000836899468663205, 0.0009382540755947349, 0.0010454003743509232, 0.0011583383649317709, 0.0012770680473372779, 0.0014015894215674435, 0.0015319024876222678, 0.0016680072455017507, 0.0018099036952058925, 0.0019575918367346935, 0.002111071670088153, 0.002270343195266271, 0.002435406412269049, 0.0026062613210964852, 0.002782907921748581, 0.002965346214225335, 0.003153576198526746, 0.00334759787465282, 0.0035474112426035487, 0.0037530163023789384, 0.003964413053978987, 0.004181601497403695, 0.00440458163265306, 0.0046333534597270834, 0.00486791697862577, 0.0051082721893491116, 0.005354419091897113, 0.0056063576862697756, 0.005864087972467092, 0.0061276099504890685, 0.006396923620335705, 0.006672028982007003, 0.006952926035502956, 0.00723961478082357, 0.007532095217968845, 0.007830367346938774, 0.008134431167733366, 0.008444286680352612, 0.008632926880191195]}, 'rates_20': {'weights': [array([6.98863516e-24, 6.99160003e-24, 6.99032940e-24, 6.99032937e-24,
       6.99075292e-24, 1.00000000e+00]), array([4.23692333e-24, 1.83150183e-02, 2.08327932e-24, 9.01524067e-25,
       9.36636657e-25, 9.81684982e-01]), array([4.54633297e-24, 3.66300366e-02, 2.30644852e-24, 1.07568691e-24,
       1.07219484e-24, 9.63369963e-01]), array([4.09689559e-24, 5.49450549e-02, 2.02262255e-24, 9.51825657e-25,
       9.78867886e-25, 9.45054945e-01]), array([4.03764180e-24, 7.32600733e-02, 2.25275588e-24, 9.29879952e-25,
       1.08776807e-24, 9.26739927e-01]), array([4.35155035e-24, 9.15750916e-02, 2.37031689e-24, 1.25708989e-24,
       1.36179487e-24, 9.08424908e-01]), array([3.79658078e-24, 1.09890110e-01, 2.33132816e-24, 1.19923376e-24,
       1.06862163e-24, 8.90109890e-01]), array([3.47775842e-24, 1.28205128e-01, 2.18507195e-24, 1.18242943e-24,
       1.00282117e-24, 8.71794872e-01]), array([4.04462957e-24, 1.46520147e-01, 2.30505364e-24, 7.70522574e-25,
       1.20352738e-24, 8.53479853e-01]), array([4.15534147e-24, 1.64835165e-01, 2.53852902e-24, 1.66481124e-24,
       1.95795112e-24, 8.35164835e-01]), array([3.83530378e-24, 1.83150183e-01, 2.16587642e-24, 8.61889419e-25,
       1.46038257e-24, 8.16849817e-01]), array([3.09776256e-24, 2.01465201e-01, 1.92333801e-24, 5.95432107e-25,
       1.35130372e-24, 7.98534799e-01]), array([3.21252535e-24, 2.19780220e-01, 1.74252307e-24, 8.51679719e-25,
       9.32465837e-25, 7.80219780e-01]), array([2.84054891e-24, 2.38095238e-01, 2.18359540e-24, 8.76432306e-25,
       1.58234153e-24, 7.61904762e-01]), array([3.06407545e-24, 2.56410256e-01, 2.58233684e-24, 2.34448331e-24,
       2.38554191e-24, 7.43589744e-01]), array([3.95557935e-24, 2.74725275e-01, 2.30834427e-24, 1.68995060e-24,
       1.64244443e-24, 7.25274725e-01]), array([4.10600806e-24, 2.93040293e-01, 2.51180729e-24, 2.56107511e-24,
       2.24562741e-24, 7.06959707e-01]), array([2.44896095e-24, 3.11355311e-01, 2.69208520e-24, 1.89075140e-25,
       4.27975775e-25, 6.88644689e-01]), array([4.31758187e-24, 3.29670330e-01, 1.73291611e-24, 1.57592206e-24,
       1.54150842e-24, 6.70329670e-01]), array([2.69976806e-24, 3.47985348e-01, 9.97853984e-25, 3.67736911e-26,
       7.46558414e-25, 6.52014652e-01]), array([ 1.92993083e-24,  3.66300366e-01,  1.49249930e-24,  1.17839432e-24,
       -7.47561741e-26,  6.33699634e-01]), array([2.09250424e-24, 3.84615385e-01, 2.37864475e-24, 1.64453426e-24,
       9.95669291e-25, 6.15384615e-01]), array([2.18003055e-24, 4.02930403e-01, 2.50372199e-24, 1.82942423e-24,
       1.06572343e-24, 5.97069597e-01]), array([4.87395016e-25, 4.21245421e-01, 1.23406009e-24, 7.87229773e-25,
       2.28466398e-25, 5.78754579e-01]), array([4.08097264e-24, 4.39560440e-01, 2.84576464e-24, 1.92929604e-24,
       9.83630548e-25, 5.60439560e-01]), array([1.53241314e-24, 4.57875458e-01, 8.44271077e-25, 1.71912938e-24,
       2.60502890e-26, 5.42124542e-01]), array([8.16669037e-25, 4.76190476e-01, 3.97687564e-25, 8.55908443e-25,
       1.49682184e-24, 5.23809524e-01]), array([ 3.59601431e-24,  4.94505495e-01,  9.26371739e-25, -1.31537185e-24,
        8.80698623e-26,  5.05494505e-01]), array([ 2.76550513e-24,  5.12820513e-01,  1.11506672e-24, -1.20306058e-25,
       -4.53237492e-25,  4.87179487e-01]), array([3.00763073e-24, 5.31135531e-01, 1.94946925e-24, 2.97092927e-25,
       1.18802220e-24, 4.68864469e-01]), array([1.33664581e-24, 5.49450549e-01, 1.28937927e-24, 1.97331707e-25,
       5.42798248e-24, 4.50549451e-01]), array([-2.07313061e-24,  5.67765568e-01,  1.09689054e-24,  2.08132163e-24,
        4.22249709e-24,  4.32234432e-01]), array([3.26319497e-24, 5.86080586e-01, 2.07831470e-24, 8.69985196e-25,
       1.06240347e-24, 4.13919414e-01]), array([ 5.13459257e-24,  6.04395604e-01,  1.31035111e-24,  9.86671183e-26,
       -8.07648027e-25,  3.95604396e-01]), array([-1.80320576e-26,  6.22710623e-01,  1.62125829e-24,  1.32691106e-24,
        5.34101736e-24,  3.77289377e-01]), array([1.88940063e-24, 6.41025641e-01, 1.87870333e-24, 2.12717850e-24,
       5.26975941e-24, 3.58974359e-01]), array([ 3.73948158e-24,  6.59340659e-01, -6.87118841e-25,  1.73309391e-24,
        3.98367330e-24,  3.40659341e-01]), array([3.83858611e-25, 6.77655678e-01, 3.01704661e-24, 3.81544634e-24,
       5.20278877e-24, 3.22344322e-01]), array([3.91272552e-24, 6.95970696e-01, 8.90666389e-25, 2.35507025e-24,
       4.07559130e-25, 3.04029304e-01]), array([2.31266721e-24, 7.14285714e-01, 1.19656472e-24, 2.32286425e-24,
       1.91591168e-24, 2.85714286e-01]), array([2.39402353e-24, 7.32600733e-01, 1.27466095e-24, 1.10004197e-24,
       1.12007399e-24, 2.67399267e-01]), array([-9.06602431e-25,  7.50915751e-01,  2.74763836e-25,  3.61753397e-24,
        2.67356201e-24,  2.49084249e-01]), array([-6.82274514e-25,  7.69230769e-01,  2.09592351e-24,  4.12347797e-24,
        3.58147057e-24,  2.30769231e-01]), array([-7.45303888e-25,  7.87545788e-01,  2.37241755e-24,  1.47750974e-24,
       -1.39428741e-24,  2.12454212e-01]), array([-6.51632678e-25,  8.05860806e-01,  4.03371890e-25,  7.20790279e-25,
        1.62585099e-25,  1.94139194e-01]), array([4.72380723e-24, 8.24175824e-01, 4.61174051e-25, 2.51312228e-24,
       1.05500501e-24, 1.75824176e-01]), array([-2.72238390e-25,  8.42490842e-01,  1.33740998e-24,  2.96914543e-24,
        5.84428065e-25,  1.57509158e-01]), array([-3.58755763e-24,  8.60805861e-01,  4.11842844e-24,  5.45345927e-24,
        2.38683719e-24,  1.39194139e-01]), array([1.69092307e-24, 8.79120879e-01, 2.47545634e-24, 4.22349601e-24,
       3.33624113e-24, 1.20879121e-01]), array([1.72843536e-24, 8.97435897e-01, 8.65064801e-25, 5.20209287e-24,
       4.32690774e-25, 1.02564103e-01]), array([ 5.60114431e-26,  9.15750916e-01, -8.62029498e-25,  1.75758773e-24,
        8.65839687e-25,  8.42490842e-02]), array([-1.59980499e-24,  9.34065934e-01,  2.49517578e-24,  1.69360609e-24,
        2.89947421e-24,  6.59340659e-02]), array([-3.18733022e-24,  9.52380952e-01, -1.65865680e-24,  1.00576449e-25,
        4.61227578e-25,  4.76190476e-02]), array([6.69914686e-25, 9.70695971e-01, 2.44880709e-24, 6.01419837e-24,
       4.89011994e-24, 2.93040293e-02]), array([4.00627481e-24, 9.89010989e-01, 2.81636904e-24, 2.14133557e-24,
       2.20143171e-24, 1.09890110e-02]), array([1.33392156e-06, 9.99975747e-01, 5.60626074e-06, 8.09401020e-06,
       7.90613106e-06, 1.31120865e-06])], 'variance': [1.135039975497723e-47, 2.895845912329428e-06, 1.1583383649317707e-05, 2.606261321096485e-05, 4.633353459727085e-05, 7.239614780823568e-05, 0.0001042504528438594, 0.00014189644970414192, 0.0001853341383890834, 0.00023456351889868365, 0.0002895845912329426, 0.00035039735539186086, 0.00041700181137543777, 0.0004893979591836732, 0.0005675857988165677, 0.0006515653302741213, 0.0007413365535563336, 0.000836899468663205, 0.0009382540755947349, 0.0010454003743509232, 0.0011583383649317709, 0.0012770680473372779, 0.0014015894215674435, 0.0015319024876222678, 0.0016680072455017507, 0.0018099036952058925, 0.0019575918367346935, 0.002111071670088153, 0.002270343195266271, 0.002435406412269049, 0.0026062613210964852, 0.002782907921748581, 0.002965346214225335, 0.003153576198526746, 0.00334759787465282, 0.0035474112426035487, 0.0037530163023789384, 0.003964413053978987, 0.004181601497403695, 0.00440458163265306, 0.0046333534597270834, 0.00486791697862577, 0.0051082721893491116, 0.005354419091897113, 0.0056063576862697756, 0.005864087972467092, 0.0061276099504890685, 0.006396923620335705, 0.006672028982007003, 0.006952926035502956, 0.00723961478082357, 0.007532095217968845, 0.007830367346938774, 0.008134431167733366, 0.008444286680352612, 0.00863292414505586]}, 'rates_30': {'weights': [array([6.98842340e-24, 6.99138826e-24, 6.99011763e-24, 6.99032936e-24,
       6.99075292e-24, 1.00000000e+00]), array([4.23598800e-24, 1.83150183e-02, 2.14487312e-24, 8.70066345e-25,
       1.04081134e-24, 9.81684982e-01]), array([4.33296019e-24, 3.66300366e-02, 2.20109016e-24, 9.14932269e-25,
       9.65382514e-25, 9.63369963e-01]), array([4.10150940e-24, 5.49450549e-02, 2.28756936e-24, 1.16427480e-24,
       1.40482483e-24, 9.45054945e-01]), array([4.24528211e-24, 7.32600733e-02, 2.21083916e-24, 1.04717012e-24,
       9.40670546e-25, 9.26739927e-01]), array([4.34797709e-24, 9.15750916e-02, 2.16847637e-24, 8.34469339e-25,
       1.10286813e-24, 9.08424908e-01]), array([3.97344418e-24, 1.09890110e-01, 1.71734452e-24, 1.35571108e-24,
       7.28589167e-25, 8.90109890e-01]), array([3.49132247e-24, 1.28205128e-01, 2.30316074e-24, 1.18797692e-24,
       1.60425113e-24, 8.71794872e-01]), array([3.99889195e-24, 1.46520147e-01, 2.25467372e-24, 1.61334539e-24,
       1.20217769e-24, 8.53479853e-01]), array([4.54929139e-24, 1.64835165e-01, 2.14445833e-24, 1.69513708e-24,
       4.87624183e-25, 8.35164835e-01]), array([3.82785094e-24, 1.83150183e-01, 1.97640656e-24, 1.09887499e-24,
       8.32801527e-25, 8.16849817e-01]), array([2.20796526e-24, 2.01465201e-01, 1.48516273e-24, 9.18716985e-25,
       1.35822372e-24, 7.98534799e-01]), array([3.63739300e-24, 2.19780220e-01, 1.91429656e-24, 1.03886260e-24,
       1.54118819e-24, 7.80219780e-01]), array([4.14822738e-24, 2.38095238e-01, 1.35201087e-24, 2.20016990e-24,
       5.35402403e-25, 7.61904762e-01]), array([3.91448929e-24, 2.56410256e-01, 2.40262860e-24, 2.37159580e-24,
       2.63959596e-24, 7.43589744e-01]), array([2.21234266e-24, 2.74725275e-01, 1.83216696e-24, 1.44537419e-24,
       2.03558865e-24, 7.25274725e-01]), array([6.15773117e-25, 2.93040293e-01, 2.31847398e-24, 1.92742858e-24,
       2.16173500e-25, 7.06959707e-01]), array([3.27082987e-24, 3.11355311e-01, 9.52877441e-25, 1.88462881e-25,
       2.27181675e-25, 6.88644689e-01]), array([3.43402317e-24, 3.29670330e-01, 1.76669502e-24, 2.25106915e-24,
       1.36022607e-24, 6.70329670e-01]), array([1.87546388e-24, 3.47985348e-01, 1.84826179e-24, 1.75607908e-24,
       1.80419848e-24, 6.52014652e-01]), array([1.94809164e-24, 3.66300366e-01, 1.89921407e-24, 1.59257227e-24,
       1.84461008e-24, 6.33699634e-01]), array([2.11124840e-24, 3.84615385e-01, 2.35672029e-24, 1.84564242e-24,
       2.26699152e-24, 6.15384615e-01]), array([2.17726405e-24, 4.02930403e-01, 1.62201702e-24, 2.68603571e-24,
       4.08168481e-25, 5.97069597e-01]), array([1.41700111e-24, 4.21245421e-01, 1.62304275e-24, 3.18065591e-25,
       1.90403089e-24, 5.78754579e-01]), array([ 4.12634504e-24,  4.39560440e-01,  1.72709317e-24, -8.97355589e-25,
        1.55722746e-24,  5.60439560e-01]), array([2.43636823e-24, 4.57875458e-01, 2.96124708e-24, 3.85039720e-24,
       3.64916216e-24, 5.42124542e-01]), array([7.78798518e-25, 4.76190476e-01, 4.47397612e-25, 1.32541721e-24,
       9.08652966e-25, 5.23809524e-01]), array([ 4.41340614e-24,  4.94505495e-01,  1.35790615e-24, -4.42853471e-25,
       -1.31235537e-25,  5.05494505e-01]), array([ 2.76458901e-24,  5.12820513e-01, -1.94170631e-25,  1.17460594e-24,
        1.06062512e-24,  4.87179487e-01]), array([ 2.88038537e-24,  5.31135531e-01, -1.54114276e-25,  1.65072005e-24,
        1.29428587e-24,  4.68864469e-01]), array([1.27963326e-24, 5.49450549e-01, 1.22131759e-24, 1.53195853e-25,
       4.95944016e-24, 4.50549451e-01]), array([-3.21805371e-25,  5.67765568e-01,  1.17761392e-24,  8.32562286e-25,
        3.98371609e-25,  4.32234432e-01]), array([1.56616535e-24, 5.86080586e-01, 2.90371524e-24, 1.70728906e-24,
       2.73860170e-24, 4.13919414e-01]), array([3.38582923e-24, 6.04395604e-01, 3.41471163e-24, 4.39567474e-24,
       5.40992670e-24, 3.95604396e-01]), array([5.27783890e-24, 6.22710623e-01, 3.35084736e-24, 3.48603936e-24,
       1.18203806e-24, 3.77289377e-01]), array([ 1.15086114e-25,  6.41025641e-01,  1.04116424e-24, -4.53945871e-25,
       -1.39972071e-24,  3.58974359e-01]), array([1.91016335e-24, 6.59340659e-01, 1.91894966e-24, 2.17512527e-24,
       2.28742047e-24, 3.40659341e-01]), array([2.16585892e-24, 6.77655678e-01, 2.12791956e-24, 2.05767566e-24,
       3.24194989e-24, 3.22344322e-01]), array([2.14423344e-24, 6.95970696e-01, 2.70560137e-24, 6.78996101e-25,
       4.84893827e-25, 3.04029304e-01]), array([6.51405469e-25, 7.14285714e-01, 2.83092493e-24, 3.11781297e-24,
       2.65813592e-24, 2.85714286e-01]), array([ 6.75840231e-25,  7.32600733e-01, -1.24731524e-24, -4.05230800e-24,
        2.93349507e-24,  2.67399267e-01]), array([-2.58953104e-24,  7.50915751e-01,  2.36716079e-25,  3.15720023e-24,
        4.35155830e-24,  2.49084249e-01]), array([1.03745755e-24, 7.69230769e-01, 3.76319418e-24, 4.08111236e-24,
       1.34059363e-24, 2.30769231e-01]), array([-2.51974364e-24,  7.87545788e-01, -2.05906264e-25,  1.06026464e-24,
       -2.64574107e-24,  2.12454212e-01]), array([-2.38441446e-24,  8.05860806e-01,  4.19783410e-25, -1.34302968e-25,
        6.04332779e-25,  1.94139194e-01]), array([-4.24778258e-25,  8.24175824e-01,  1.37863517e-24,  8.09101672e-25,
       -2.19998866e-25,  1.75824176e-01]), array([-3.24569478e-25,  8.42490842e-01,  1.33429661e-24,  5.57561142e-24,
        2.31621848e-24,  1.57509158e-01]), array([1.61549234e-24, 8.60805861e-01, 2.37603473e-24, 3.71298499e-24,
       3.25043203e-24, 1.39194139e-01]), array([1.69054025e-24, 8.79120879e-01, 7.35755749e-25, 1.61768257e-24,
       2.46643328e-24, 1.20879121e-01]), array([-1.63471053e-24,  8.97435897e-01,  5.48905323e-26,  2.71654866e-26,
       -3.00581905e-24,  1.02564103e-01]), array([1.30343781e-25, 9.15750916e-01, 1.64591189e-24, 2.55718736e-24,
       1.61111608e-24, 8.42490842e-02]), array([-1.56648437e-24,  9.34065934e-01,  5.44363343e-26, -8.03990279e-25,
        2.16503904e-26,  6.59340659e-02]), array([ 3.82668781e-24,  9.52380952e-01, -8.77984832e-25,  5.24255805e-24,
        4.24593291e-24,  4.76190476e-02]), array([2.15298811e-24, 9.70695971e-01, 1.73482594e-24, 7.87184205e-24,
       2.51221370e-24, 2.93040293e-02]), array([2.48085187e-24, 9.89010989e-01, 1.17675683e-24, 1.31802443e-24,
       9.52803439e-25, 1.09890110e-02]), array([1.60049503e-06, 9.99971147e-01, 6.67840967e-06, 9.62121560e-06,
       9.40686578e-06, 1.54461443e-06])], 'variance': [1.1414455049472746e-47, 2.895845912329428e-06, 1.1583383649317707e-05, 2.606261321096485e-05, 4.633353459727085e-05, 7.239614780823568e-05, 0.00010425045284385942, 0.00014189644970414192, 0.0001853341383890834, 0.00023456351889868365, 0.0002895845912329426, 0.00035039735539186086, 0.00041700181137543777, 0.0004893979591836732, 0.0005675857988165677, 0.0006515653302741213, 0.0007413365535563336, 0.000836899468663205, 0.0009382540755947349, 0.0010454003743509232, 0.0011583383649317709, 0.0012770680473372779, 0.0014015894215674435, 0.0015319024876222678, 0.0016680072455017507, 0.0018099036952058925, 0.0019575918367346935, 0.002111071670088153, 0.002270343195266271, 0.002435406412269049, 0.0026062613210964852, 0.002782907921748581, 0.002965346214225335, 0.003153576198526746, 0.00334759787465282, 0.0035474112426035487, 0.0037530163023789384, 0.003964413053978987, 0.004181601497403695, 0.00440458163265306, 0.0046333534597270834, 0.00486791697862577, 0.0051082721893491116, 0.005354419091897113, 0.0056063576862697756, 0.005864087972467092, 0.0061276099504890685, 0.006396923620335705, 0.006672028982007003, 0.006952926035502956, 0.00723961478082357, 0.007532095217968845, 0.007830367346938774, 0.008134431167733366, 0.008444286680352612, 0.008632920322038471]}, 'rates_90': {'weights': [array([6.98905871e-24, 6.99181181e-24, 6.99075292e-24, 6.99075290e-24,
       6.99117647e-24, 1.00000000e+00]), array([4.24753691e-24, 1.83150183e-02, 2.09782479e-24, 8.44657209e-25,
       9.69892230e-25, 9.81684982e-01]), array([4.33158118e-24, 3.66300366e-02, 2.27768355e-24, 9.39834481e-25,
       9.04623654e-25, 9.63369963e-01]), array([4.10354698e-24, 5.49450549e-02, 2.08036876e-24, 7.91076562e-25,
       9.80822120e-25, 9.45054945e-01]), array([3.81146685e-24, 7.32600733e-02, 2.10230146e-24, 9.38778847e-25,
       1.10319390e-24, 9.26739927e-01]), array([4.53879194e-24, 9.15750916e-02, 2.04868113e-24, 9.96893572e-25,
       1.19244989e-24, 9.08424908e-01]), array([3.98503806e-24, 1.09890110e-01, 2.01087831e-24, 7.72945395e-25,
       5.34264914e-25, 8.90109890e-01]), array([4.13451640e-24, 1.28205128e-01, 2.08307985e-24, 1.18793473e-24,
       1.21947299e-24, 8.71794872e-01]), array([4.02806163e-24, 1.46520147e-01, 2.08690767e-24, 1.96810826e-24,
       1.19348320e-24, 8.53479853e-01]), array([4.53819496e-24, 1.64835165e-01, 2.43236530e-24, 1.67725778e-24,
       2.00737565e-24, 8.35164835e-01]), array([3.79155235e-24, 1.83150183e-01, 1.72751242e-24, 1.30612118e-24,
       1.21868616e-24, 8.16849817e-01]), array([3.12213133e-24, 2.01465201e-01, 2.55721275e-24, 1.55148992e-24,
       1.40261055e-24, 7.98534799e-01]), array([3.20375527e-24, 2.19780220e-01, 1.72990674e-24, 2.57455798e-24,
       7.18167966e-25, 7.80219780e-01]), array([3.28830955e-24, 2.38095238e-01, 1.13836355e-24, 8.99205188e-25,
       4.32369680e-25, 7.61904762e-01]), array([3.85890895e-24, 2.56410256e-01, 3.06141509e-24, 1.95522267e-24,
       1.55949321e-24, 7.43589744e-01]), array([3.07107683e-24, 2.74725275e-01, 1.86087112e-24, 8.12195254e-25,
       1.74902339e-24, 7.25274725e-01]), array([3.19360653e-24, 2.93040293e-01, 1.43770840e-24, 1.48721654e-24,
       1.72671854e-24, 7.06959707e-01]), array([ 3.38553529e-24,  3.11355311e-01,  1.62634529e-24,  8.36011130e-25,
       -5.15347951e-25,  6.88644689e-01]), array([4.29276212e-24, 3.29670330e-01, 1.94729165e-24, 2.88332857e-24,
       3.37029319e-24, 6.70329670e-01]), array([1.85021592e-24, 3.47985348e-01, 1.86692639e-24, 1.98378633e-24,
       1.40739599e-24, 6.52014652e-01]), array([2.80437293e-24, 3.66300366e-01, 1.05947909e-24, 9.59746178e-25,
       1.44723275e-24, 6.33699634e-01]), array([2.99656927e-24, 3.84615385e-01, 1.93361813e-24, 2.28618169e-24,
       1.83548979e-24, 6.15384615e-01]), array([2.19255062e-24, 4.02930403e-01, 2.05951709e-24, 1.81210007e-24,
       8.63749195e-25, 5.97069597e-01]), array([1.38725704e-24, 4.21245421e-01, 1.14270100e-24, 2.66007951e-24,
       2.52940081e-24, 5.78754579e-01]), array([3.22316008e-24, 4.39560440e-01, 1.70594762e-24, 8.22470086e-25,
       6.87486355e-25, 5.60439560e-01]), array([2.48167253e-24, 4.57875458e-01, 3.78331202e-24, 5.55030113e-24,
       3.80955496e-24, 5.42124542e-01]), array([8.49930924e-25, 4.76190476e-01, 2.08310266e-24, 1.25522998e-24,
       2.08331668e-24, 5.23809524e-01]), array([4.41274002e-24, 4.94505495e-01, 3.39603274e-24, 5.12493378e-24,
       3.15863919e-24, 5.05494505e-01]), array([ 2.78862048e-24,  5.12820513e-01,  2.49941820e-25, -1.26241673e-25,
       -1.52405201e-24,  4.87179487e-01]), array([4.17966082e-25, 5.31135531e-01, 1.51697858e-24, 2.89597730e-24,
       3.36362368e-24, 4.68864469e-01]), array([3.18322716e-24, 5.49450549e-01, 3.46871269e-24, 2.77075908e-24,
       3.54117318e-24, 4.50549451e-01]), array([-2.94809767e-25,  5.67765568e-01,  3.72647921e-24,  1.66434860e-24,
        3.36538619e-24,  4.32234432e-01]), array([-2.78939999e-25,  5.86080586e-01,  1.61405343e-24,  1.29400619e-24,
        1.03556045e-24,  4.13919414e-01]), array([3.39876813e-24, 6.04395604e-01, 8.23822475e-25, 1.80746589e-24,
       1.71075129e-24, 3.95604396e-01]), array([3.53489559e-24, 6.22710623e-01, 4.14968022e-24, 2.58277904e-24,
       6.50882220e-24, 3.77289377e-01]), array([-1.43809570e-24,  6.41025641e-01,  1.86312528e-24,  3.82724840e-24,
        3.30231973e-24,  3.58974359e-01]), array([2.00980566e-24, 6.59340659e-01, 6.66755192e-25, 1.32357014e-24,
       2.55223774e-24, 3.40659341e-01]), array([-2.97869060e-24,  6.77655678e-01,  2.21320847e-24,  1.21280870e-24,
        1.22729927e-24,  3.22344322e-01]), array([3.85957217e-24, 6.95970696e-01, 3.43463058e-24, 1.47475238e-24,
       3.98026194e-24, 3.04029304e-01]), array([6.05660937e-25, 7.14285714e-01, 1.93810920e-24, 4.40422204e-24,
       2.21429298e-24, 2.85714286e-01]), array([2.45943112e-24, 7.32600733e-01, 2.91033852e-24, 3.19930289e-24,
       2.29287160e-24, 2.67399267e-01]), array([-9.61106568e-25,  7.50915751e-01,  1.98462039e-24,  4.47846531e-24,
        2.00127324e-24,  2.49084249e-01]), array([ 8.96617518e-25,  7.69230769e-01,  2.16210342e-24,  1.15062909e-24,
       -6.63501717e-25,  2.30769231e-01]), array([-6.74929894e-25,  7.87545788e-01,  6.44390713e-25,  5.91730058e-25,
        2.11613302e-24,  2.12454212e-01]), array([2.86117571e-24, 8.05860806e-01, 2.98049899e-24, 4.61498676e-24,
       5.22978117e-25, 1.94139194e-01]), array([1.20976475e-24, 8.24175824e-01, 1.40003948e-24, 2.14468710e-24,
       1.53106009e-24, 1.75824176e-01]), array([-4.21274829e-25,  8.42490842e-01, -1.17438901e-24, -3.01298398e-24,
        1.44531304e-26,  1.57509158e-01]), array([-2.05739435e-25,  8.60805861e-01,  1.66589814e-24, -8.35143800e-26,
        3.88633533e-24,  1.39194139e-01]), array([-3.43338001e-26,  8.79120879e-01,  1.60758382e-24, -1.18744174e-25,
       -1.25685004e-25,  1.20879121e-01]), array([-1.74104413e-24,  8.97435897e-01, -2.44606659e-27,  1.73231888e-24,
        1.73389573e-24,  1.02564103e-01]), array([-1.61573053e-24,  9.15750916e-01,  3.37572667e-24,  8.62835633e-24,
        3.33798762e-24,  8.42490842e-02]), array([1.17116881e-25, 9.34065934e-01, 3.36064940e-24, 2.56518315e-24,
       1.15462801e-24, 6.59340659e-02]), array([ 3.68718484e-24,  9.52380952e-01,  1.65234570e-24, -8.58873026e-25,
        2.89015962e-24,  4.76190476e-02]), array([2.18392746e-24, 9.70695971e-01, 3.35307810e-24, 7.80120969e-24,
       6.25995825e-24, 2.93040293e-02]), array([5.16396763e-25, 9.89010989e-01, 3.17170668e-25, 1.33043293e-24,
       2.79009981e-24, 1.09890110e-02]), array([1.24217246e-06, 9.99976967e-01, 5.31317527e-06, 7.71103065e-06,
       7.50300484e-06, 1.26249402e-06])], 'variance': [1.1147494444580238e-47, 2.8958459123294285e-06, 1.1583383649317709e-05, 2.6062613210964854e-05, 4.6333534597270855e-05, 7.239614780823569e-05, 0.00010425045284385942, 0.00014189644970414195, 0.00018533413838908342, 0.00023456351889868368, 0.0002895845912329427, 0.00035039735539186097, 0.0004170018113754379, 0.0004893979591836733, 0.0005675857988165678, 0.0006515653302741215, 0.0007413365535563337, 0.0008368994686632051, 0.000938254075594735, 0.0010454003743509235, 0.001158338364931771, 0.0012770680473372779, 0.0014015894215674439, 0.001531902487622268, 0.001668007245501751, 0.001809903695205893, 0.001957591836734694, 0.0021110716700881533, 0.0022703431952662712, 0.0024354064122690494, 0.002606261321096486, 0.0027829079217485814, 0.0029653462142253356, 0.0031535761985267466, 0.0033475978746528206, 0.003547411242603549, 0.003753016302378939, 0.003964413053978988, 0.0041816014974036956, 0.0044045816326530604, 0.004633353459727084, 0.004867916978625771, 0.0051082721893491116, 0.005354419091897114, 0.005606357686269776, 0.005864087972467093, 0.00612760995048907, 0.006396923620335706, 0.006672028982007004, 0.006952926035502958, 0.007239614780823572, 0.007532095217968847, 0.007830367346938776, 0.008134431167733368, 0.008444286680352613, 0.008632922656095986]}}
